
Run 1
------Fold 0 | Acuracia: 0.5909090909090909
[[17  5]
 [13  9]]
------Fold 1 | Acuracia: 0.5454545454545454
[[19  3]
 [17  5]]
------Fold 2 | Acuracia: 0.6363636363636364
[[22  0]
 [16  6]]
------Fold 3 | Acuracia: 0.6590909090909091
[[ 9 13]
 [ 2 20]]
------Fold 4 | Acuracia: 0.5681818181818182
[[14  4]
 [15 11]]
ACURACIA FINAL: 0.6

Run 1
------Fold 0 | Acuracia: 0.39473684210526316
[[10 10]
 [13  5]]
------Fold 1 | Acuracia: 0.5405405405405406
[[17  3]
 [14  3]]
------Fold 2 | Acuracia: 0.6216216216216216
[[17  3]
 [11  6]]
------Fold 3 | Acuracia: 0.4864864864864865
[[16  4]
 [15  2]]
------Fold 4 | Acuracia: 0.3783783783783784
[[ 1 19]
 [ 4 13]]
ACURACIA FINAL: 0.4843527738264581
