
Run 31
------Fold 0 | Acuracia: 0.7045454545454546
[[14  8]
 [ 5 17]]
------Fold 1 | Acuracia: 0.6363636363636364
[[15  7]
 [ 9 13]]
------Fold 2 | Acuracia: 0.6590909090909091
[[13  9]
 [ 6 16]]
------Fold 3 | Acuracia: 0.6363636363636364
[[ 9 13]
 [ 3 19]]
------Fold 4 | Acuracia: 0.6818181818181818
[[12  6]
 [ 8 18]]
ACURACIA FINAL: 0.6636363636363636

Run 5
------Fold 0 | Acuracia: 0.6590909090909091
[[13  9]
 [ 6 16]]
------Fold 1 | Acuracia: 0.6363636363636364
[[10 12]
 [ 4 18]]
------Fold 2 | Acuracia: 0.5681818181818182
[[ 9 13]
 [ 6 16]]
------Fold 3 | Acuracia: 0.6363636363636364
[[13  9]
 [ 7 15]]
------Fold 4 | Acuracia: 0.6818181818181818
[[10  8]
 [ 6 20]]
ACURACIA FINAL: 0.6363636363636364

Run 35
------Fold 0 | Acuracia: 0.7272727272727273
[[13  9]
 [ 3 19]]
------Fold 1 | Acuracia: 0.6590909090909091
[[ 9 13]
 [ 2 20]]
------Fold 2 | Acuracia: 0.6363636363636364
[[11 11]
 [ 5 17]]
------Fold 3 | Acuracia: 0.5454545454545454
[[ 5 17]
 [ 3 19]]
------Fold 4 | Acuracia: 0.6818181818181818
[[15  3]
 [11 15]]
ACURACIA FINAL: 0.6499999999999999

Run 2
------Fold 0 | Acuracia: 0.6590909090909091
[[14  8]
 [ 7 15]]
------Fold 1 | Acuracia: 0.5454545454545454
[[ 9 13]
 [ 7 15]]
------Fold 2 | Acuracia: 0.5454545454545454
[[11 11]
 [ 9 13]]
------Fold 3 | Acuracia: 0.75
[[17  5]
 [ 6 16]]
------Fold 4 | Acuracia: 0.6136363636363636
[[12  6]
 [11 15]]
ACURACIA FINAL: 0.6227272727272728

Run 11
------Fold 0 | Acuracia: 0.6363636363636364
[[12 10]
 [ 6 16]]
------Fold 1 | Acuracia: 0.75
[[15  7]
 [ 4 18]]
------Fold 2 | Acuracia: 0.7272727272727273
[[13  9]
 [ 3 19]]
------Fold 3 | Acuracia: 0.6818181818181818
[[12 10]
 [ 4 18]]
------Fold 4 | Acuracia: 0.6363636363636364
[[10  8]
 [ 8 18]]
ACURACIA FINAL: 0.6863636363636363
